-4.253412890599999810e+04
-4.282439843799999653e+04
-4.297853125000000000e+04
-4.290358203099999810e+04
-4.281066796900000190e+04
-4.282719921900000190e+04
-4.272607031200000347e+04
-4.266105859400000190e+04
-4.258032031200000347e+04
-4.257736718799999653e+04
-4.241160546900000190e+04
-4.238492187500000000e+04
-4.228396093799999653e+04
-4.217410156200000347e+04
-4.209223046900000190e+04
-4.202327734400000190e+04
-4.194187500000000000e+04
-4.187287890599999810e+04
-4.175426953099999810e+04
-4.168149609400000190e+04
-4.166189062500000000e+04
-4.161243750000000000e+04
-4.152983203099999810e+04
-4.147519140599999810e+04
-4.134439453099999810e+04
-4.133580468799999653e+04
-4.122998046900000190e+04
-4.103040625000000000e+04
-4.102760937500000000e+04
-4.094362890599999810e+04
-4.105663281200000347e+04
-4.091362500000000000e+04
-4.087323046900000190e+04
-4.076360156200000347e+04
-4.061892968799999653e+04
-4.053307421900000190e+04
-4.059562500000000000e+04
-4.036871484400000190e+04
-4.046150781200000347e+04
-4.039576953099999810e+04
-4.032616406200000347e+04
-4.026821093799999653e+04
-4.007050781200000347e+04
-4.017039453099999810e+04
-4.002928125000000000e+04
-4.009005859400000190e+04
-4.000186328099999810e+04
-4.000850000000000000e+04
-3.989369921900000190e+04
-3.992055468799999653e+04
-3.979276953099999810e+04
-3.968289843799999653e+04
-3.969796093799999653e+04
-3.973241406200000347e+04
-3.945453515599999810e+04
-3.955595703099999810e+04
-3.939781640599999810e+04
-3.938325000000000000e+04
-3.925769531200000347e+04
-3.920994140599999810e+04
-3.916614062500000000e+04
-3.926753125000000000e+04
-3.926486718799999653e+04
-3.927636328099999810e+04
-3.921440625000000000e+04
-3.898847265599999810e+04
-3.905578906200000347e+04
-3.896612500000000000e+04
-3.893449218799999653e+04
-3.882428906200000347e+04
-3.876798437500000000e+04
-3.877196093799999653e+04
-3.869448046900000190e+04
-3.865455859400000190e+04
-3.861675390599999810e+04
-3.872898828099999810e+04
-3.840784765599999810e+04
-3.853112890599999810e+04
-3.865501562500000000e+04
-3.846656250000000000e+04
-3.837600000000000000e+04
-3.828814453099999810e+04
-3.832662890599999810e+04
-3.831708203099999810e+04
-3.816365625000000000e+04
-3.828712109400000190e+04
-3.813062890599999810e+04
-3.808334375000000000e+04
-3.794245312500000000e+04
-3.813899609400000190e+04
-3.787040234400000190e+04
-3.790032421900000190e+04
-3.797580859400000190e+04
-3.776747265599999810e+04
-3.775082031200000347e+04
-3.764552734400000190e+04
-3.760079687500000000e+04
-3.749624609400000190e+04
-3.759118359400000190e+04
-3.771655468799999653e+04
-3.753774609400000190e+04
-3.745066796900000190e+04
-3.747827734400000190e+04
-3.740138281200000347e+04
-3.743750781200000347e+04
-3.738381250000000000e+04
-3.731926953099999810e+04
-3.739808203099999810e+04
-3.734912890599999810e+04
-3.710603125000000000e+04
-3.727766015599999810e+04
-3.734544921900000190e+04
-3.715999609400000190e+04
-3.711607421900000190e+04
-3.710619921900000190e+04
-3.700730078099999810e+04
-3.690912500000000000e+04
-3.708046093799999653e+04
-3.705210937500000000e+04
-3.701705859400000190e+04
-3.687926562500000000e+04
-3.704578125000000000e+04
-3.692188671900000190e+04
-3.707093359400000190e+04
-3.696838281200000347e+04
-3.685180859400000190e+04
-3.681672265599999810e+04
-3.692761718799999653e+04
-3.670016406200000347e+04
-3.674339453099999810e+04
-3.690209765599999810e+04
-3.665800781200000347e+04
-3.670902734400000190e+04
-3.659513671900000190e+04
-3.659494140599999810e+04
-3.662467968799999653e+04
-3.653046875000000000e+04
-3.681330859400000190e+04
-3.684061328099999810e+04
-3.673318359400000190e+04
-3.669485546900000190e+04
-3.658694140599999810e+04
-3.647812890599999810e+04
-3.653170703099999810e+04
-3.653199609400000190e+04
-3.666726171900000190e+04
-3.651022265599999810e+04
-3.649044921900000190e+04
-3.648519140599999810e+04
-3.661886328099999810e+04
-3.643212890599999810e+04
-3.650897656200000347e+04
-3.647680468799999653e+04
-3.647966796900000190e+04
-3.659074609400000190e+04
-3.667447656200000347e+04
-3.655364843799999653e+04
-3.630884765599999810e+04
-3.643234765599999810e+04
-3.632369140599999810e+04
-3.625675000000000000e+04
-3.644001562500000000e+04
-3.641517187500000000e+04
-3.615150781200000347e+04
-3.611795703099999810e+04
-3.629805078099999810e+04
-3.628513281200000347e+04
-3.625692968799999653e+04
-3.600073437500000000e+04
-3.621598437500000000e+04
-3.625567578099999810e+04
-3.611317187500000000e+04
-3.603993359400000190e+04
-3.591429296900000190e+04
-3.601720312500000000e+04
-3.615291406200000347e+04
-3.601179687500000000e+04
-3.590866406200000347e+04
-3.597396093799999653e+04
-3.593480859400000190e+04
-3.610885937500000000e+04
-3.611223046900000190e+04
-3.617385156200000347e+04
-3.625149218799999653e+04
-3.603330078099999810e+04
-3.594239843799999653e+04
-3.571703906200000347e+04
-3.585566796900000190e+04
-3.583777734400000190e+04
-3.585721093799999653e+04
-3.600105859400000190e+04
-3.603337109400000190e+04
-3.604510546900000190e+04
-3.605065234400000190e+04
-3.590153125000000000e+04
-3.589564453099999810e+04
-3.588133203099999810e+04
-3.593646093799999653e+04
-3.614687890599999810e+04
-3.607893750000000000e+04
-3.588301562500000000e+04
-3.598157031200000347e+04
-3.586594921900000190e+04
-3.590866406200000347e+04
-3.573457421900000190e+04
-3.595287109400000190e+04
-3.603169531200000347e+04
-3.581039062500000000e+04
-3.586065625000000000e+04
-3.583360156200000347e+04
-3.607037109400000190e+04
-3.579334765599999810e+04
-3.588751953099999810e+04
-3.590385546900000190e+04
-3.607088671900000190e+04
-3.601196484400000190e+04
-3.583132421900000190e+04
-3.584360937500000000e+04
-3.589408593799999653e+04
-3.606264453099999810e+04
-3.592414843799999653e+04
-3.584391406200000347e+04
-3.588321093799999653e+04
-3.580152343799999653e+04
-3.576008203099999810e+04
-3.573552343799999653e+04
-3.589727343799999653e+04
-3.558751562500000000e+04
-3.562816015599999810e+04
-3.563644140599999810e+04
-3.583152734400000190e+04
-3.574213281200000347e+04
-3.581664453099999810e+04
-3.583574218799999653e+04
-3.580448046900000190e+04
-3.574493750000000000e+04
-3.575137890599999810e+04
-3.563492187500000000e+04
-3.559252343799999653e+04
-3.570085546900000190e+04
-3.575056640599999810e+04
-3.596864843799999653e+04
-3.576764062500000000e+04
-3.552833593799999653e+04
-3.569955078099999810e+04
-3.573871093799999653e+04
-3.566422656200000347e+04
-3.571266796900000190e+04
-3.558054296900000190e+04
-3.562583984400000190e+04
-3.550523437500000000e+04
-3.559106640599999810e+04
-3.567417187500000000e+04
-3.569013281200000347e+04
-3.559720703099999810e+04
-3.547689453099999810e+04
-3.553381250000000000e+04
-3.559079687500000000e+04
-3.557008203099999810e+04
-3.547353515599999810e+04
-3.569539453099999810e+04
-3.571658203099999810e+04
-3.563622656200000347e+04
-3.567250000000000000e+04
-3.566076953099999810e+04
-3.562637500000000000e+04
-3.540469921900000190e+04
-3.539444140599999810e+04
-3.549451562500000000e+04
-3.536045312500000000e+04
-3.560578125000000000e+04
-3.543000781200000347e+04
-3.531043359400000190e+04
-3.540204687500000000e+04
-3.558343359400000190e+04
-3.538149609400000190e+04
-3.554670312500000000e+04
-3.568941796900000190e+04
-3.532601171900000190e+04
-3.532503125000000000e+04
-3.537255468799999653e+04
-3.536688671900000190e+04
-3.551520312500000000e+04
-3.556167968799999653e+04
-3.537076953099999810e+04
-3.551118750000000000e+04
-3.515689453099999810e+04
-3.546473046900000190e+04
-3.541143359400000190e+04
-3.555891796900000190e+04
-3.518168359400000190e+04
-3.530082421900000190e+04
-3.528953906200000347e+04
-3.542948046900000190e+04
-3.521692578099999810e+04
-3.528262890599999810e+04
-3.548778515599999810e+04
-3.559834765599999810e+04
-3.524850781200000347e+04
-3.535709765599999810e+04
-3.550173046900000190e+04
-3.545289843799999653e+04
-3.548400000000000000e+04
-3.543507031200000347e+04
-3.537718359400000190e+04
-3.537089062500000000e+04
-3.548052343799999653e+04
-3.545821875000000000e+04
-3.541861718799999653e+04
-3.533888671900000190e+04
-3.521394140599999810e+04
-3.526406250000000000e+04
-3.520460546900000190e+04
-3.527444531200000347e+04
-3.519580078099999810e+04
-3.525010937500000000e+04
-3.518250000000000000e+04
-3.521426953099999810e+04
-3.527076171900000190e+04
-3.539597656200000347e+04
-3.528241406200000347e+04
-3.537200390599999810e+04
-3.550607421900000190e+04
-3.528000390599999810e+04
-3.516783984400000190e+04
-3.525483984400000190e+04
-3.538412109400000190e+04
-3.521698437500000000e+04
-3.511593359400000190e+04
-3.537034765599999810e+04
-3.517291015599999810e+04
-3.538321484400000190e+04
-3.519187109400000190e+04
-3.526151562500000000e+04
-3.531223437500000000e+04
-3.526087890599999810e+04
-3.523501171900000190e+04
-3.519605468799999653e+04
-3.531484375000000000e+04
-3.535206640599999810e+04
-3.492261718799999653e+04
-3.512103125000000000e+04
-3.502416015599999810e+04
-3.530394531200000347e+04
-3.522403906200000347e+04
-3.515178515599999810e+04
-3.516996484400000190e+04
-3.513260546900000190e+04
-3.519707812500000000e+04
-3.505281640599999810e+04
-3.504487109400000190e+04
-3.501566796900000190e+04
-3.505584375000000000e+04
-3.506341796900000190e+04
-3.523187500000000000e+04
-3.506169921900000190e+04
-3.516621484400000190e+04
-3.495476953099999810e+04
-3.510202734400000190e+04
-3.523306250000000000e+04
-3.516514843799999653e+04
-3.512709375000000000e+04
-3.512640234400000190e+04
-3.528951171900000190e+04
-3.516846093799999653e+04
-3.511821093799999653e+04
-3.514076171900000190e+04
-3.529722656200000347e+04
-3.529915625000000000e+04
-3.529997656200000347e+04
-3.531101562500000000e+04
-3.522900781200000347e+04
-3.529627734400000190e+04
-3.509135937500000000e+04
-3.503766015599999810e+04
-3.529816406200000347e+04
-3.511574609400000190e+04
-3.531472265599999810e+04
-3.531513281200000347e+04
-3.521954296900000190e+04
-3.524187890599999810e+04
-3.516678125000000000e+04
-3.523522265599999810e+04
-3.535169921900000190e+04
-3.517396093799999653e+04
-3.531387109400000190e+04
-3.536549218799999653e+04
-3.560555468799999653e+04
-3.534588281200000347e+04
-3.524984765599999810e+04
-3.527894531200000347e+04
-3.522702734400000190e+04
-3.524535546900000190e+04
-3.525523046900000190e+04
-3.504650390599999810e+04
-3.512142187500000000e+04
-3.520339453099999810e+04
-3.526241796900000190e+04
-3.529293750000000000e+04
-3.519096093799999653e+04
-3.519686718799999653e+04
-3.533290234400000190e+04
-3.536021875000000000e+04
-3.527400390599999810e+04
-3.515400390599999810e+04
-3.527356250000000000e+04
-3.510370312500000000e+04
-3.518503515599999810e+04
-3.526655468799999653e+04
-3.506755859400000190e+04
-3.522039843799999653e+04
-3.505814453099999810e+04
-3.534255468799999653e+04
-3.523181250000000000e+04
-3.512142187500000000e+04
-3.520612109400000190e+04
-3.499507812500000000e+04
-3.500528906200000347e+04
-3.513755078099999810e+04
-3.520583203099999810e+04
-3.502766015599999810e+04
-3.528967968799999653e+04
-3.512529296900000190e+04
-3.511608593799999653e+04
-3.532423828099999810e+04
-3.502820312500000000e+04
-3.491233984400000190e+04
-3.516235937500000000e+04
-3.498851562500000000e+04
-3.517509375000000000e+04
-3.527680859400000190e+04
-3.522849218799999653e+04
-3.504154296900000190e+04
-3.520951171900000190e+04
-3.510851953099999810e+04
-3.520110546900000190e+04
-3.520169140599999810e+04
-3.542991796900000190e+04
-3.523834765599999810e+04
-3.499462109400000190e+04
-3.535066015599999810e+04
-3.528382812500000000e+04
-3.500985156200000347e+04
-3.516958984400000190e+04
-3.508666015599999810e+04
-3.496298828099999810e+04
-3.523094531200000347e+04
-3.499945703099999810e+04
-3.510808203099999810e+04
-3.504630078099999810e+04
-3.504183593799999653e+04
-3.523938671900000190e+04
-3.520037109400000190e+04
-3.494508593799999653e+04
-3.498576953099999810e+04
-3.503320312500000000e+04
-3.494967968799999653e+04
-3.514043359400000190e+04
-3.513894531200000347e+04
-3.515218359400000190e+04
-3.507096875000000000e+04
-3.519052734400000190e+04
-3.510728125000000000e+04
-3.507986718799999653e+04
-3.498727343799999653e+04
-3.516085546900000190e+04
-3.511158593799999653e+04
-3.515082031200000347e+04
-3.498825390599999810e+04
-3.535730468799999653e+04
-3.502556640599999810e+04
-3.502174609400000190e+04
-3.510301562500000000e+04
-3.498349609400000190e+04
-3.497835546900000190e+04
-3.496433984400000190e+04
-3.519354687500000000e+04
-3.519028906200000347e+04
-3.509054687500000000e+04
-3.488547265599999810e+04
-3.515428125000000000e+04
-3.502233593799999653e+04
-3.495987109400000190e+04
-3.508926562500000000e+04
-3.491943750000000000e+04
-3.506042578099999810e+04
-3.500896093799999653e+04
-3.489493359400000190e+04
-3.496178125000000000e+04
-3.522139453099999810e+04
-3.481854687500000000e+04
-3.499560156200000347e+04
-3.488282421900000190e+04
-3.500837890599999810e+04
-3.496696093799999653e+04
-3.478292187500000000e+04
-3.481466015599999810e+04
-3.498441796900000190e+04
-3.483366406200000347e+04
-3.486008203099999810e+04
-3.476439453099999810e+04
-3.501721484400000190e+04
-3.494101953099999810e+04
-3.503854296900000190e+04
-3.512100000000000000e+04
-3.510332812500000000e+04
-3.508681250000000000e+04
-3.498240625000000000e+04
-3.514074609400000190e+04
-3.504000781200000347e+04
-3.513467187500000000e+04
-3.513561718799999653e+04
-3.533736328099999810e+04
-3.504214843799999653e+04
-3.518615234400000190e+04
-3.541262890599999810e+04
-3.517489453099999810e+04
-3.516653515599999810e+04
-3.498185156200000347e+04
-3.515130078099999810e+04
-3.506427734400000190e+04
-3.518628906200000347e+04
-3.526629687500000000e+04
-3.525383984400000190e+04
-3.523762890599999810e+04
-3.518066015599999810e+04
-3.534973046900000190e+04
-3.533889062500000000e+04
-3.532061328099999810e+04
-3.531739843799999653e+04
-3.540040625000000000e+04
-3.508233203099999810e+04
-3.528614843799999653e+04
-3.524339453099999810e+04
-3.531490625000000000e+04
-3.529601953099999810e+04
-3.525525781200000347e+04
-3.536548437500000000e+04
-3.519100781200000347e+04
-3.520337890599999810e+04
-3.507943750000000000e+04
-3.517603906200000347e+04
-3.513225000000000000e+04
-3.517600781200000347e+04
-3.530553125000000000e+04
-3.513056250000000000e+04
-3.506211718799999653e+04
-3.511478125000000000e+04
-3.499797656200000347e+04
-3.512728906200000347e+04
-3.508080468799999653e+04
-3.530846484400000190e+04
-3.502381640599999810e+04
-3.502808203099999810e+04
-3.512928125000000000e+04
-3.525398437500000000e+04
-3.511372265599999810e+04
-3.521607421900000190e+04
-3.518570703099999810e+04
-3.522585937500000000e+04
-3.507792578099999810e+04
-3.531323828099999810e+04
-3.520301953099999810e+04
-3.530112500000000000e+04
-3.518463281200000347e+04
-3.501720703099999810e+04
-3.532034765599999810e+04
-3.521766796900000190e+04
-3.514737890599999810e+04
-3.520603515599999810e+04
-3.514796484400000190e+04
-3.509934765599999810e+04
-3.525791015599999810e+04
-3.522178515599999810e+04
-3.537265625000000000e+04
-3.513560546900000190e+04
-3.530841406200000347e+04
-3.513828906200000347e+04
-3.516419140599999810e+04
-3.520433203099999810e+04
-3.490081250000000000e+04
-3.507348437500000000e+04
-3.520520703099999810e+04
-3.500728515599999810e+04
-3.517927734400000190e+04
-3.511082812500000000e+04
-3.515669921900000190e+04
-3.518332421900000190e+04
-3.527560546900000190e+04
-3.528493359400000190e+04
-3.526016015599999810e+04
-3.521592968799999653e+04
-3.511140234400000190e+04
-3.510472656200000347e+04
-3.537293750000000000e+04
-3.524723828099999810e+04
-3.519886328099999810e+04
-3.546786718799999653e+04
-3.537005859400000190e+04
-3.508388281200000347e+04
-3.537412890599999810e+04
-3.521630859400000190e+04
-3.531977343799999653e+04
-3.527282031200000347e+04
-3.529141796900000190e+04
-3.536312109400000190e+04
-3.518464062500000000e+04
-3.525476562500000000e+04
-3.519905078099999810e+04
-3.547906640599999810e+04
-3.535554687500000000e+04
-3.528657812500000000e+04
-3.551155859400000190e+04
-3.524708593799999653e+04
-3.520430468799999653e+04
-3.534141796900000190e+04
-3.541651562500000000e+04
-3.523318750000000000e+04
-3.523163281200000347e+04
-3.535943359400000190e+04
-3.526414062500000000e+04
-3.539560156200000347e+04
-3.509683203099999810e+04
-3.538672656200000347e+04
-3.540602343799999653e+04
-3.512443359400000190e+04
-3.525498046900000190e+04
-3.522444531200000347e+04
-3.521241796900000190e+04
-3.515485546900000190e+04
-3.506246875000000000e+04
-3.516095312500000000e+04
-3.520899609400000190e+04
-3.512530468799999653e+04
-3.506837109400000190e+04
-3.525849218799999653e+04
-3.488508593799999653e+04
-3.513076953099999810e+04
-3.513616796900000190e+04
-3.538400000000000000e+04
-3.525242578099999810e+04
-3.503294921900000190e+04
-3.503477343799999653e+04
-3.516014062500000000e+04
-3.502728125000000000e+04
-3.489541015599999810e+04
-3.495864453099999810e+04
-3.501363671900000190e+04
-3.518388671900000190e+04
-3.508603125000000000e+04
-3.493844140599999810e+04
-3.491882031200000347e+04
-3.499423046900000190e+04
-3.499155859400000190e+04
-3.508143750000000000e+04
-3.504203906200000347e+04
-3.501479296900000190e+04
-3.504177734400000190e+04
-3.500456640599999810e+04
-3.502219531200000347e+04
-3.513073828099999810e+04
-3.522823046900000190e+04
-3.533662109400000190e+04
-3.507825390599999810e+04
-3.505928125000000000e+04
-3.515775781200000347e+04
-3.523448046900000190e+04
-3.511563671900000190e+04
-3.521489843799999653e+04
-3.495473828099999810e+04
-3.514662500000000000e+04
-3.513513671900000190e+04
-3.514580468799999653e+04
-3.500027734400000190e+04
-3.504017578099999810e+04
-3.509415234400000190e+04
-3.491604296900000190e+04
-3.492048046900000190e+04
-3.491355468799999653e+04
-3.513542187500000000e+04
-3.499862500000000000e+04
-3.482743359400000190e+04
-3.486662890599999810e+04
-3.508695703099999810e+04
-3.503723437500000000e+04
-3.493429687500000000e+04
-3.497609765599999810e+04
-3.509845703099999810e+04
-3.500353125000000000e+04
-3.513308984400000190e+04
-3.501556640599999810e+04
-3.506832031200000347e+04
-3.515919921900000190e+04
-3.541011718799999653e+04
-3.502001171900000190e+04
-3.485558593799999653e+04
-3.505953906200000347e+04
-3.499081640599999810e+04
-3.493147656200000347e+04
-3.517012500000000000e+04
-3.516102343799999653e+04
-3.518172265599999810e+04
-3.508249609400000190e+04
-3.526640625000000000e+04
-3.532271484400000190e+04
-3.494585937500000000e+04
-3.500276953099999810e+04
-3.489862890599999810e+04
-3.490620312500000000e+04
-3.507168359400000190e+04
-3.504185546900000190e+04
-3.503738281200000347e+04
-3.504903125000000000e+04
-3.487653125000000000e+04
-3.503755078099999810e+04
-3.505963281200000347e+04
-3.508741796900000190e+04
-3.511655078099999810e+04
-3.514833203099999810e+04
-3.485964062500000000e+04
-3.482491796900000190e+04
-3.493239062500000000e+04
-3.509010156200000347e+04
-3.512511328099999810e+04
-3.504414453099999810e+04
-3.504062500000000000e+04
-3.523989453099999810e+04
-3.506001953099999810e+04
-3.515405078099999810e+04
-3.500901562500000000e+04
-3.485631640599999810e+04
-3.493738671900000190e+04
-3.515608593799999653e+04
-3.515018750000000000e+04
-3.497962109400000190e+04
-3.515915234400000190e+04
-3.511994531200000347e+04
-3.518443359400000190e+04
-3.528358203099999810e+04
-3.512469921900000190e+04
-3.503544140599999810e+04
-3.522774609400000190e+04
-3.515176953099999810e+04
-3.503573828099999810e+04
-3.517462109400000190e+04
-3.507164843799999653e+04
-3.510109765599999810e+04
-3.514672265599999810e+04
-3.499571875000000000e+04
-3.516754296900000190e+04
-3.508087109400000190e+04
-3.519533203099999810e+04
-3.524661328099999810e+04
-3.533340234400000190e+04
-3.516751171900000190e+04
-3.498635937500000000e+04
-3.522767968799999653e+04
-3.519339843799999653e+04
-3.517355468799999653e+04
-3.528181250000000000e+04
-3.528161328099999810e+04
-3.511428515599999810e+04
-3.511297265599999810e+04
-3.547327343799999653e+04
-3.514005859400000190e+04
-3.521171093799999653e+04
-3.521582421900000190e+04
-3.531773046900000190e+04
-3.517340625000000000e+04
-3.521046093799999653e+04
-3.530315625000000000e+04
-3.516323828099999810e+04
-3.500986328099999810e+04
-3.530703515599999810e+04
-3.524815625000000000e+04
-3.499020703099999810e+04
-3.521236718799999653e+04
-3.512521093799999653e+04
-3.516010546900000190e+04
-3.515739062500000000e+04
-3.526933593799999653e+04
-3.511853906200000347e+04
-3.521560156200000347e+04
-3.516416796900000190e+04
-3.511117968799999653e+04
-3.508643750000000000e+04
-3.512927343799999653e+04
-3.508151562500000000e+04
-3.533995312500000000e+04
-3.522221484400000190e+04
-3.516768359400000190e+04
-3.530044531200000347e+04
-3.528361328099999810e+04
-3.514551562500000000e+04
-3.523923046900000190e+04
-3.525322656200000347e+04
-3.519601171900000190e+04
-3.523893750000000000e+04
-3.521172265599999810e+04
-3.519783593799999653e+04
-3.514934375000000000e+04
-3.523255859400000190e+04
-3.513154687500000000e+04
-3.507417968799999653e+04
-3.509290234400000190e+04
-3.506360546900000190e+04
-3.515039843799999653e+04
-3.496571484400000190e+04
-3.525166406200000347e+04
-3.529064453099999810e+04
-3.508417968799999653e+04
-3.506450390599999810e+04
-3.541657031200000347e+04
-3.523833593799999653e+04
-3.527229296900000190e+04
-3.510111328099999810e+04
-3.505616796900000190e+04
-3.498911328099999810e+04
-3.515400390599999810e+04
-3.527783203099999810e+04
-3.526581250000000000e+04
-3.511965234400000190e+04
-3.520737890599999810e+04
-3.526512109400000190e+04
-3.514362890599999810e+04
-3.506841406200000347e+04
-3.522270703099999810e+04
-3.507813671900000190e+04
-3.539719140599999810e+04
-3.529758203099999810e+04
-3.519023828099999810e+04
-3.511291015599999810e+04
-3.546965625000000000e+04
-3.535917578099999810e+04
-3.523348046900000190e+04
-3.531366015599999810e+04
-3.528979296900000190e+04
-3.513071093799999653e+04
-3.514358984400000190e+04
-3.515716015599999810e+04
-3.521251953099999810e+04
-3.543692578099999810e+04
-3.529452734400000190e+04
-3.516321093799999653e+04
-3.520050781200000347e+04
-3.520521093799999653e+04
-3.526901953099999810e+04
-3.556177343799999653e+04
-3.533127734400000190e+04
-3.531483203099999810e+04
-3.518269921900000190e+04
-3.524187500000000000e+04
-3.526811718799999653e+04
-3.520653125000000000e+04
-3.529941015599999810e+04
-3.531755859400000190e+04
-3.517033984400000190e+04
-3.528072656200000347e+04
-3.532740625000000000e+04
-3.528706250000000000e+04
-3.525096875000000000e+04
-3.514080859400000190e+04
-3.524375000000000000e+04
-3.511636328099999810e+04
-3.519915234400000190e+04
-3.511898828099999810e+04
-3.518309765599999810e+04
-3.508444921900000190e+04
-3.524655859400000190e+04
-3.521535156200000347e+04
-3.535610546900000190e+04
-3.518503906200000347e+04
-3.500293750000000000e+04
-3.516612890599999810e+04
-3.520081640599999810e+04
-3.526336718799999653e+04
-3.502246875000000000e+04
-3.503904296900000190e+04
-3.517769531200000347e+04
-3.524236328099999810e+04
-3.512044140599999810e+04
-3.513470703099999810e+04
-3.526560156200000347e+04
-3.510569921900000190e+04
-3.526852734400000190e+04
-3.515000781200000347e+04
-3.527666406200000347e+04
-3.518804687500000000e+04
-3.522634375000000000e+04
-3.528062890599999810e+04
-3.537628515599999810e+04
-3.537337890599999810e+04
-3.521392578099999810e+04
-3.535689843799999653e+04
-3.505101953099999810e+04
-3.519275000000000000e+04
-3.526610156200000347e+04
-3.526544140599999810e+04
-3.493412109400000190e+04
-3.519958984400000190e+04
-3.520133593799999653e+04
-3.532674218799999653e+04
-3.502980468799999653e+04
-3.515874218799999653e+04
-3.526441015599999810e+04
-3.517976562500000000e+04
-3.520544140599999810e+04
-3.547262109400000190e+04
-3.534964843799999653e+04
-3.529222656200000347e+04
-3.542577734400000190e+04
-3.529181640599999810e+04
-3.530155859400000190e+04
-3.526024218799999653e+04
-3.548041015599999810e+04
-3.532290234400000190e+04
-3.531937109400000190e+04
-3.528589062500000000e+04
-3.532648828099999810e+04
-3.532989843799999653e+04
-3.545643359400000190e+04
-3.513959375000000000e+04
-3.512881250000000000e+04
-3.522123437500000000e+04
-3.537146093799999653e+04
-3.533003125000000000e+04
-3.537488671900000190e+04
-3.531443750000000000e+04
-3.518573437500000000e+04
-3.511524609400000190e+04
-3.524139843799999653e+04
-3.541698046900000190e+04
-3.526285156200000347e+04
-3.535251562500000000e+04
-3.535735546900000190e+04
-3.513389453099999810e+04
-3.506217968799999653e+04
-3.520696484400000190e+04
-3.527498828099999810e+04
-3.517968750000000000e+04
-3.528063281200000347e+04
-3.520573046900000190e+04
-3.521955468799999653e+04
-3.520733984400000190e+04
-3.541346484400000190e+04
-3.516953515599999810e+04
-3.533249609400000190e+04
-3.519664062500000000e+04
-3.535289453099999810e+04
-3.526826953099999810e+04
-3.532254687500000000e+04
-3.539258203099999810e+04
-3.520844921900000190e+04
-3.518568359400000190e+04
-3.527885546900000190e+04
-3.531958203099999810e+04
-3.526992578099999810e+04
-3.537957421900000190e+04
-3.531791015599999810e+04
-3.509612890599999810e+04
-3.516305859400000190e+04
-3.519619921900000190e+04
-3.519271093799999653e+04
-3.497644531200000347e+04
-3.518218750000000000e+04
-3.508624218799999653e+04
-3.514265234400000190e+04
-3.527064062500000000e+04
-3.518989062500000000e+04
-3.531908984400000190e+04
-3.489910156200000347e+04
-3.501471484400000190e+04
-3.507330078099999810e+04
-3.525045703099999810e+04
-3.510850000000000000e+04
-3.513144531200000347e+04
-3.522792578099999810e+04
-3.531493750000000000e+04
-3.528063281200000347e+04
-3.501555078099999810e+04
-3.529974218799999653e+04
-3.516507421900000190e+04
-3.517039453099999810e+04
-3.515821484400000190e+04
-3.489195703099999810e+04
-3.509433984400000190e+04
-3.501876562500000000e+04
-3.519241796900000190e+04
-3.501108203099999810e+04
-3.514315625000000000e+04
-3.508436718799999653e+04
-3.520973437500000000e+04
-3.518993750000000000e+04
-3.538718359400000190e+04
-3.551776171900000190e+04
-3.532611328099999810e+04
-3.519629687500000000e+04
-3.542518750000000000e+04
-3.556306250000000000e+04
-3.544675000000000000e+04
-3.542696484400000190e+04
