-4.993733398000000307e+03
-4.412556641000000127e+03
-3.748136719000000085e+03
-3.517075194999999894e+03
-3.337228516000000127e+03
-3.188098144999999931e+03
-2.695249511999999868e+03
-2.649873290999999881e+03
-2.872434569999999894e+03
-2.939826172000000042e+03
-3.034638915999999881e+03
-2.907788574000000153e+03
-2.740823730000000069e+03
-2.148276855000000069e+03
-2.039056029999999964e+03
-1.944457274999999981e+03
-2.061870605000000069e+03
-2.059335938000000169e+03
-2.197700928000000204e+03
-2.416557860999999775e+03
-2.138832764000000225e+03
-1.818690673999999944e+03
-1.979620850000000019e+03
-2.251917480000000069e+03
-1.716233521000000110e+03
-1.478003539999999930e+03
-1.166398437999999942e+03
-2.270308594000000085e+03
-1.495972168000000011e+03
-1.430204711999999972e+03
-1.677569580000000087e+03
-2.252420165999999881e+03
-2.327754883000000063e+03
-2.117787597999999889e+03
-2.126482178000000204e+03
-1.826580322000000024e+03
-1.515706298999999944e+03
-1.397594481999999971e+03
-2.172498047000000042e+03
-2.155374022999999852e+03
-1.741545654000000013e+03
-2.216466797000000042e+03
-2.245153319999999894e+03
-2.049887939000000188e+03
-1.820006470000000036e+03
-1.446347655999999915e+03
-1.396190673999999944e+03
-1.824015014999999948e+03
-1.741437744000000066e+03
-1.685713013000000046e+03
-1.448236450000000104e+03
-1.643174927000000025e+03
-1.690359496999999919e+03
-1.693323486000000003e+03
-1.813991942999999992e+03
-1.847618895999999950e+03
-2.042881104000000050e+03
-1.888862427000000025e+03
-1.665107299999999896e+03
-2.581377441000000090e+03
-1.566184692000000041e+03
-1.730390259000000015e+03
-1.718355103000000099e+03
-1.424678832999999941e+03
-2.033140259000000015e+03
-1.832335692999999992e+03
-1.618534180000000106e+03
-1.306050903000000062e+03
-1.563432373000000098e+03
-1.681812621999999919e+03
-1.315022582999999941e+03
-1.583598754999999983e+03
-1.332838500999999951e+03
-2.063632079999999860e+03
-1.883406005999999934e+03
-1.586643432999999959e+03
-1.356431640999999900e+03
-1.633183837999999923e+03
-1.674879028000000062e+03
-1.486880492999999888e+03
-1.714005736999999954e+03
-2.094005371000000196e+03
-2.055514647999999852e+03
-1.823374268000000029e+03
-1.647658081000000038e+03
-1.420318236999999954e+03
-2.010423583999999892e+03
-1.661381470000000036e+03
-1.638912720000000036e+03
-1.907363403000000062e+03
-1.737655884000000015e+03
-1.692690063000000009e+03
-2.101787597999999889e+03
-1.682305297999999993e+03
-1.688443236999999954e+03
-1.807119507000000112e+03
-1.612147582999999941e+03
-2.249887939000000188e+03
-2.081032714999999826e+03
-2.175121582000000217e+03
-1.900639404000000013e+03
-2.214033202999999958e+03
-2.105569824000000153e+03
-1.981387572999999975e+03
-2.124321777000000111e+03
-2.064144042999999783e+03
-2.009135009999999966e+03
-1.947440552000000025e+03
-2.315610595999999987e+03
-1.402866942999999992e+03
-1.549519287000000077e+03
-1.636999878000000081e+03
-1.744864013999999997e+03
-2.091876464999999826e+03
-1.709717407000000094e+03
-1.727200927999999976e+03
-1.546422240999999985e+03
-9.656918329999999742e+02
-1.078948486000000003e+03
-8.936472780000000284e+02
-1.020213805999999977e+03
-1.623175048999999944e+03
-1.184442870999999968e+03
-1.738663696000000073e+03
-1.495072875999999951e+03
-1.774804932000000008e+03
-1.347272705000000087e+03
-8.802319949999999835e+02
-1.582501831000000038e+03
-1.424615356000000020e+03
-1.558796509000000015e+03
-1.152140869000000066e+03
-1.175402100000000019e+03
-1.646422606999999971e+03
-1.629402100000000019e+03
-1.526500610000000052e+03
-1.721004149999999981e+03
-1.977451782000000094e+03
-1.163217529000000013e+03
-1.598998900999999933e+03
-1.637465576000000056e+03
-1.867868042000000059e+03
-1.486341431000000057e+03
-1.669699951000000056e+03
-1.836682982999999922e+03
-1.416538452000000007e+03
-1.588027953999999909e+03
-1.730329467999999906e+03
-1.652517822000000024e+03
-1.763859619000000066e+03
-1.740996216000000004e+03
-1.282005981000000020e+03
-1.251048340000000053e+03
-1.585564452999999958e+03
-1.577818115000000034e+03
-1.577540160999999898e+03
-1.180129394999999931e+03
-9.747170409999999947e+02
-1.834767456000000038e+03
-1.361317383000000063e+03
-1.428344360000000052e+03
-1.081314208999999892e+03
-1.553997436999999991e+03
-1.403869384999999966e+03
-2.120870360999999775e+03
-2.060527344000000085e+03
-1.623909546000000091e+03
-1.559024047999999993e+03
-1.910924072000000024e+03
-1.247909668000000011e+03
-1.430869873000000098e+03
-8.128649900000000343e+02
-1.410354614000000083e+03
-1.562083374000000049e+03
-1.063714600000000019e+03
-1.586807250999999951e+03
-1.958285888999999997e+03
-1.679833861999999954e+03
-1.248383788999999979e+03
-9.497262570000000323e+02
-1.978844481999999971e+03
-2.039863524999999981e+03
-1.060402100000000019e+03
-1.628905029000000013e+03
-1.553036742999999888e+03
-1.452711669999999913e+03
-1.623246216000000004e+03
-1.181643066000000090e+03
-1.775300658999999996e+03
-8.499094850000000179e+02
-1.546041138000000046e+03
-1.884199951000000056e+03
-1.664390380999999934e+03
-1.680390990999999985e+03
-1.125774902000000111e+03
-2.387330077999999958e+03
-1.648674193999999943e+03
-1.745771117999999888e+03
-1.210224120999999968e+03
-1.539134888000000046e+03
-1.432468505999999934e+03
-1.990306029999999964e+03
-1.830776978000000099e+03
-1.814899292000000059e+03
-1.949889771000000110e+03
-1.704074462999999923e+03
-1.769163207999999941e+03
-2.107598633000000063e+03
-2.243129883000000063e+03
-1.345118895999999950e+03
-1.461111083999999892e+03
-1.508249389999999948e+03
-1.690818970000000036e+03
-1.117063720999999987e+03
-1.502223388999999997e+03
-1.649872924999999896e+03
-1.502514038000000028e+03
-1.662801024999999981e+03
-1.748706664999999930e+03
-1.840885009999999966e+03
-1.665896361999999954e+03
-1.140201172000000042e+03
-1.772560424999999896e+03
-2.316934082000000217e+03
-1.913932373000000098e+03
-1.977147339000000102e+03
-1.318267577999999958e+03
-1.445761353000000099e+03
-1.355553466999999955e+03
-1.446032470999999987e+03
-1.753037841999999955e+03
-1.657785521999999901e+03
-1.188844726999999921e+03
-4.048119510000000218e+02
-1.035617187999999942e+03
-1.581442992999999888e+03
-1.403110228999999890e+03
-1.937747681000000057e+03
-1.886907103999999890e+03
-1.799199341000000004e+03
-1.743552611999999954e+03
-1.347688110000000052e+03
-1.610007567999999992e+03
-1.894754517000000078e+03
-1.684884154999999964e+03
-1.401027953999999909e+03
-1.350254028000000062e+03
-1.515067749000000049e+03
-1.312044311999999991e+03
-1.296524292000000059e+03
-9.515566410000000133e+02
-1.004881041999999979e+03
-1.493954590000000053e+03
-1.380670166000000108e+03
-1.094261719000000085e+03
-1.336650024000000030e+03
-1.459351439999999911e+03
-1.691448486000000003e+03
-1.992117432000000008e+03
-1.496556763000000046e+03
-1.236388672000000042e+03
-1.338776489000000083e+03
-1.663154907000000094e+03
-9.956862790000000132e+02
-1.423609740999999985e+03
-1.433438110000000052e+03
-9.697419429999999920e+02
-8.838589480000000549e+02
-1.187681395999999950e+03
-1.336450561999999991e+03
-1.374776978000000099e+03
-1.349568604000000050e+03
-1.753653442000000041e+03
-1.595979370000000017e+03
-1.764801879999999983e+03
-2.032483521000000110e+03
-2.113134766000000127e+03
-1.877505492999999888e+03
-1.211191894999999931e+03
-1.621661499000000049e+03
-1.552591063999999960e+03
-1.601469360000000052e+03
-1.945216431000000057e+03
-1.772035399999999981e+03
-1.400909302000000025e+03
-1.315471068999999943e+03
-1.824193604000000050e+03
-1.680468994000000066e+03
-1.384037964000000102e+03
-1.690484740999999985e+03
-1.207203612999999905e+03
-7.606575930000000199e+02
-1.384512817000000041e+03
-1.187793701000000056e+03
-1.832488892000000078e+03
-1.222743163999999979e+03
-1.681767456000000038e+03
-1.440937621999999919e+03
-1.354774047999999993e+03
-1.523049561000000040e+03
-1.809994750999999951e+03
-1.430666382000000112e+03
-1.851490111999999954e+03
-1.612953978999999890e+03
-1.580587524000000030e+03
-1.270940673999999944e+03
-1.041598144999999931e+03
-1.180359862999999905e+03
-8.383008419999999887e+02
-1.424093628000000081e+03
-1.170974609000000100e+03
-1.426485474000000067e+03
-1.806144408999999996e+03
-1.709136107999999922e+03
-6.104996340000000146e+02
-1.388355103000000099e+03
-1.513087035999999898e+03
-1.503656981999999971e+03
-1.672081664999999930e+03
-1.538522582999999941e+03
-1.324398682000000008e+03
-1.787358275999999933e+03
-1.396880981000000020e+03
-9.094069819999999709e+02
-1.317109253000000081e+03
-1.723552979000000050e+03
-1.194967529000000013e+03
-1.261512206999999989e+03
-9.900713500000000522e+02
-8.601281739999999445e+02
-1.371945557000000008e+03
-7.316582029999999577e+02
-1.192761475000000019e+03
-1.096526366999999937e+03
-1.856526611000000003e+03
-1.547039917000000059e+03
-1.113133301000000074e+03
-1.519999755999999934e+03
-1.154697509999999966e+03
-1.414835082999999941e+03
-9.304893190000000232e+02
-1.054327393000000029e+03
-9.319548340000000053e+02
-2.039564818999999943e+03
-1.705544799999999896e+03
-1.101215087999999923e+03
-5.663408200000000079e+02
-1.497915404999999964e+03
-1.487413817999999992e+03
-1.228734130999999934e+03
-1.060170898000000079e+03
-9.804154660000000376e+02
-1.366982299999999896e+03
-7.646098630000000185e+02
-1.245217041000000108e+03
-1.011114013999999997e+03
-1.068629883000000063e+03
-1.236885254000000032e+03
-1.092417236000000003e+03
-6.007642819999999801e+02
-1.492793212999999923e+03
-1.278900390999999900e+03
-1.559698853000000099e+03
-1.543198364000000083e+03
-1.976485106999999971e+03
-1.063718505999999934e+03
-1.312074096999999938e+03
-1.312828246999999919e+03
-1.591070922999999993e+03
-1.333726439999999911e+03
-7.725889280000000099e+02
-1.028688965000000053e+03
-1.162979004000000032e+03
-1.447724486999999954e+03
-1.443217896000000110e+03
-1.488924438000000009e+03
-1.551443970000000036e+03
-1.286815430000000106e+03
-1.760320557000000008e+03
-6.851025389999999788e+02
-1.770467041000000108e+03
-2.085571532999999818e+03
-1.888515014999999948e+03
-2.104307616999999937e+03
-1.485434203999999909e+03
-1.644688842999999906e+03
-1.319651000999999951e+03
-6.202214360000000397e+02
-1.109642822000000024e+03
-1.419479004000000032e+03
-1.502751708999999892e+03
-1.343726073999999926e+03
-7.886179809999999861e+02
-1.652778686999999991e+03
-1.542129638999999997e+03
-1.514709106000000020e+03
-1.410167725000000019e+03
-8.460718379999999570e+02
-1.140636962999999923e+03
-8.883252559999999676e+02
-1.879213989000000083e+03
-1.349361938000000009e+03
-1.219181395999999950e+03
-1.333162597999999889e+03
-1.413431763000000046e+03
-1.836571044999999913e+03
-1.961328856999999971e+03
-1.080415038999999979e+03
-1.393840576000000056e+03
-1.699355346999999938e+03
-1.727924561000000040e+03
-1.782533936000000040e+03
-2.129478516000000127e+03
-1.991109253000000081e+03
-1.052557373000000098e+03
-1.349332885999999917e+03
-1.206520995999999968e+03
-1.343267333999999892e+03
-1.760758910999999898e+03
-1.810975220000000036e+03
-1.519365600999999970e+03
-2.181077147999999852e+03
-7.970685419999999795e+02
-8.947880249999999478e+02
-1.359005736999999954e+03
-1.676885132000000112e+03
-1.478222778000000062e+03
-1.689709595000000036e+03
-1.311381714000000102e+03
-1.225855956999999989e+03
-5.495493159999999762e+02
-1.283613524999999981e+03
-8.968000489999999445e+02
-1.456418212999999923e+03
-1.351085448999999926e+03
-1.065010741999999937e+03
-7.390325930000000199e+02
-1.144623779000000013e+03
-1.578900634999999966e+03
-1.098354980000000069e+03
-1.131371094000000085e+03
-1.080482909999999947e+03
-1.291226196000000073e+03
-1.442625610000000052e+03
-1.026969726999999921e+03
-7.481531979999999749e+02
-1.512110228999999890e+03
-1.094131836000000021e+03
-8.326450810000000047e+02
-1.609506836000000021e+03
-8.485634770000000344e+02
-1.134971191000000090e+03
-1.263169433999999910e+03
-1.102925293000000011e+03
-1.300832274999999981e+03
-9.734477540000000317e+02
-7.439714360000000397e+02
-1.189757567999999992e+03
-1.114992919999999913e+03
-1.325442870999999968e+03
-1.233399413999999979e+03
-1.485867553999999927e+03
-6.693624270000000251e+02
-1.348989135999999917e+03
-1.830976807000000008e+03
-1.401936889999999948e+03
-1.428449951000000056e+03
-1.610821777000000111e+03
-7.092204590000000053e+02
-1.169530762000000095e+03
-1.068512206999999989e+03
-8.235718379999999570e+02
-1.050433837999999923e+03
-2.088440430000000106e+03
-9.484965819999999894e+02
-7.871998899999999821e+02
-7.940379030000000284e+02
-4.803515620000000013e+02
-1.054786620999999968e+03
-1.292311157000000094e+03
-1.454408325000000104e+03
-1.543750244000000066e+03
-1.676127807999999959e+03
-1.963695435000000089e+03
-1.861602294999999913e+03
-1.894463745000000017e+03
-1.929636353000000099e+03
-1.824222899999999981e+03
-9.327739870000000337e+02
-1.234314452999999958e+03
-1.260858398000000079e+03
-1.197930419999999913e+03
-2.507495729999999980e+02
-1.050457030999999915e+03
-8.301001589999999624e+02
-1.388350341999999955e+03
-1.332439086999999972e+03
-1.836755492999999888e+03
-1.218854248000000098e+03
-1.354948975000000019e+03
-1.240180176000000074e+03
-1.990421021000000110e+03
-1.743559813999999960e+03
-2.010046143000000029e+03
-1.178733154000000013e+03
-1.554738158999999996e+03
-1.661466918999999962e+03
-1.679251831000000038e+03
-1.422419799999999896e+03
-6.972336430000000291e+02
-2.154509766000000127e+03
-1.790594603999999890e+03
-7.354136959999999590e+02
-1.550383301000000074e+03
-9.601478879999999663e+02
-1.489314208999999892e+03
-1.662854370000000017e+03
-1.741530639999999948e+03
-1.519752318999999943e+03
-1.991938231999999971e+03
-1.268173340000000053e+03
-4.025944210000000112e+02
-1.542244629000000032e+03
-1.468850220000000036e+03
-2.066924316000000090e+03
-1.310857299999999896e+03
-1.316243774000000030e+03
-1.544399047999999993e+03
-1.162876220999999987e+03
-1.341849975999999970e+03
-1.562769408999999996e+03
-9.256806030000000192e+02
-1.086596923999999944e+03
-1.031999268000000029e+03
-1.415368042000000059e+03
-1.581653442000000041e+03
-1.131217041000000108e+03
-1.122483887000000095e+03
-1.326373168999999962e+03
-1.811020874000000049e+03
-1.541068970000000036e+03
-1.454992310000000089e+03
-1.617048461999999972e+03
-1.406752807999999959e+03
-1.234908202999999958e+03
-1.161336182000000008e+03
-1.410832885999999917e+03
-1.045963866999999937e+03
-1.218879883000000063e+03
-1.517776732999999922e+03
-8.821300660000000562e+02
-1.581797240999999985e+03
-1.883053100999999970e+03
-2.288662108999999873e+03
-2.138607665999999881e+03
-1.937934813999999960e+03
-1.832885375999999951e+03
-1.908356322999999975e+03
-1.460096436000000040e+03
-1.080670654000000013e+03
-1.092784668000000011e+03
-9.894626459999999497e+02
-1.078519043000000011e+03
-1.401735474000000067e+03
-1.510444702000000007e+03
-1.504068481000000020e+03
-1.426690307999999959e+03
-1.132254638999999997e+03
-1.545694946000000073e+03
-1.348182373000000098e+03
-1.374130736999999954e+03
-1.465328612999999905e+03
-1.192135741999999937e+03
-1.859554321000000073e+03
-8.051846309999999676e+02
-8.029528199999999742e+02
-1.069471923999999944e+03
-8.822600710000000390e+02
-1.366590087999999923e+03
-1.325828246999999919e+03
-1.031674316000000090e+03
-7.911061399999999821e+02
-6.852650149999999485e+02
-1.051854248000000098e+03
-1.746728759999999966e+03
-1.848830322000000024e+03
-1.513118285999999898e+03
-1.930358764999999948e+03
-1.522219360000000052e+03
-1.354398071000000073e+03
-1.270838623000000098e+03
-1.421113158999999996e+03
-1.516045043999999962e+03
-6.750892330000000356e+02
-1.120575927999999976e+03
-1.636972778000000062e+03
-1.884238158999999996e+03
-1.586072632000000112e+03
-1.463451172000000042e+03
-1.193484375000000000e+03
-1.981779418999999962e+03
-1.649764282000000094e+03
-1.540856811999999991e+03
-1.208222899999999981e+03
-1.514280029000000013e+03
-1.506323853000000099e+03
-1.428023682000000008e+03
-1.651441283999999996e+03
-9.367000120000000152e+02
-9.999372560000000476e+02
-1.420855346999999938e+03
-8.947041020000000344e+02
-1.695729857999999922e+03
-9.398834839999999531e+02
-1.305635864000000083e+03
-1.078086913999999979e+03
-1.129404541000000108e+03
-1.210973876999999902e+03
-9.578256229999999505e+02
-1.856458251999999902e+03
-1.692742310000000089e+03
-1.622582642000000078e+03
-1.419457396999999901e+03
-2.230437988000000132e+03
-1.197984619000000066e+03
-1.365119750999999951e+03
-1.723148682000000008e+03
-1.379761353000000099e+03
-1.444884033000000045e+03
-1.032521972999999889e+03
-7.664392090000000053e+02
-1.181061768000000029e+03
-1.189281005999999934e+03
-1.341624268000000029e+03
-1.557383910999999898e+03
-2.014502807999999959e+03
-1.339994018999999980e+03
-1.876931884999999966e+03
-1.431025513000000046e+03
-1.245163086000000021e+03
-1.082037597999999889e+03
-9.108266599999999471e+02
-8.171657709999999497e+02
-1.092265137000000095e+03
-1.490597412000000077e+03
-1.423755126999999902e+03
-1.364697020999999950e+03
-1.178476073999999926e+03
-1.727219360000000052e+03
-1.359892822000000024e+03
-1.234100341999999955e+03
-8.688952030000000377e+02
-1.557705811000000040e+03
-1.630771240000000034e+03
-1.889909423999999944e+03
-6.421708979999999656e+02
-1.330040893999999980e+03
-1.717975952000000007e+03
-9.669233400000000529e+02
-1.581599242999999888e+03
-1.482018677000000025e+03
-1.499559813999999960e+03
-1.455001342999999906e+03
-1.032051758000000063e+03
-1.272736327999999958e+03
-1.261577637000000095e+03
-1.007768494000000032e+03
-7.472110599999999749e+02
-1.101548095999999987e+03
-1.231466308999999910e+03
-1.544182616999999937e+03
-1.736094970999999987e+03
-1.398276611000000003e+03
-1.424573364000000083e+03
-1.386314575000000104e+03
-1.996230712999999923e+03
-1.178295898000000079e+03
-1.297369140999999900e+03
-9.246358030000000099e+02
-6.235167239999999538e+02
-1.387220458999999892e+03
-1.767213745000000017e+03
-1.460286865000000034e+03
-1.516768555000000106e+03
-1.134933594000000085e+03
-1.370373047000000042e+03
-8.921359250000000429e+02
-1.027749023000000079e+03
-1.032328369000000066e+03
-1.036395263999999997e+03
-2.172391356999999971e+03
-1.504963257000000112e+03
-8.941254269999999451e+02
-1.644623168999999962e+03
-1.536602294999999913e+03
-1.368837524000000030e+03
-1.268687987999999905e+03
-1.492156250000000000e+03
-1.079063231999999971e+03
-1.456816283999999996e+03
-6.309730220000000145e+02
-1.245349854000000050e+03
-1.769931884999999966e+03
-1.446523071000000073e+03
-1.754773192999999992e+03
-1.804359009000000015e+03
-1.718822998000000098e+03
-1.953766967999999906e+03
-1.279240722999999889e+03
-9.884274900000000343e+02
-1.297005736999999954e+03
-1.123703369000000066e+03
-1.660592041000000108e+03
-1.101685302999999976e+03
-1.200225097999999889e+03
-1.398403319999999894e+03
-1.792736572000000024e+03
-8.076921389999999974e+02
-9.406592409999999518e+02
-1.389635864000000083e+03
-1.480106322999999975e+03
-1.740427367999999888e+03
-1.081362305000000106e+03
-8.148386229999999841e+02
-1.030141845999999987e+03
-1.090204345999999987e+03
-1.157429198999999926e+03
-6.543643799999999828e+02
-1.380198120000000017e+03
-7.242437740000000304e+02
-1.589430785999999898e+03
-1.330014771000000110e+03
-1.356894774999999981e+03
-1.070865479000000050e+03
-9.013925169999999980e+02
-1.529120239000000083e+03
-1.603427856000000020e+03
-1.569918335000000070e+03
-1.379570067999999992e+03
-1.068007323999999926e+03
-1.446638061999999991e+03
-1.666886962999999923e+03
-9.068300169999999980e+02
-9.180978390000000218e+02
-1.104494629000000032e+03
-1.340709350999999970e+03
-1.444409057999999959e+03
-1.506222533999999996e+03
-7.643319089999999960e+02
-5.804797360000000026e+02
-1.054427490000000034e+03
-1.187315430000000106e+03
-1.037813476999999921e+03
-8.291356200000000172e+02
-1.375922485000000052e+03
-3.929208370000000059e+02
-1.095120116999999937e+03
-9.550484010000000126e+02
-1.439532103999999890e+03
-1.620236693999999943e+03
-7.303176270000000159e+02
-1.053634520999999950e+03
-1.452063965000000053e+03
-2.044039185000000089e+03
-1.198427490000000034e+03
-1.757158936000000040e+03
-1.897556518999999980e+03
-1.240883301000000074e+03
-1.077963379000000032e+03
-2.006326782000000094e+03
-1.560775268999999980e+03
-1.101140380999999934e+03
-1.949766845999999987e+03
-1.560715942000000041e+03
-1.496476317999999992e+03
-1.205037841999999955e+03
-1.718273803999999927e+03
-2.299992188000000169e+03
-1.948968018000000029e+03
-9.850346070000000509e+02
-8.978126829999999927e+02
-1.166459961000000021e+03
-1.811946410999999898e+03
-1.035505126999999902e+03
-1.111901611000000003e+03
-9.542512209999999868e+02
-9.684722289999999703e+02
-9.995986940000000232e+02
-1.569754517000000078e+03
-8.344978640000000496e+02
-1.421890380999999934e+03
-1.378344849000000067e+03
-1.317303832999999941e+03
-1.633738158999999996e+03
-1.769058228000000099e+03
-1.525288207999999941e+03
-1.883881104000000050e+03
-1.382579711999999972e+03
-1.254822265999999900e+03
-1.452434447999999975e+03
-1.317195557000000008e+03
-1.804742553999999927e+03
-1.263661620999999968e+03
-1.190946288999999979e+03
-1.566304564999999911e+03
-1.071693359000000100e+03
-1.354698853000000099e+03
-1.920540649000000030e+03
-1.573169677999999976e+03
-1.079811768000000029e+03
-1.568111572000000024e+03
-1.470504760999999917e+03
-1.171416748000000098e+03
-7.806965940000000046e+02
-1.206806395999999950e+03
-1.365922728999999890e+03
-1.118006836000000021e+03
-1.101102051000000074e+03
-8.101366580000000113e+02
-9.382917479999999841e+02
-1.490923583999999892e+03
-1.996062744000000066e+03
-1.533443359000000100e+03
-1.110183594000000085e+03
-1.334670288000000028e+03
-1.335870482999999922e+03
-1.746864867999999888e+03
-1.444368774000000030e+03
-1.136337402000000111e+03
-1.349571410999999898e+03
-1.203698486000000003e+03
-1.469605591000000004e+03
-1.704630004999999983e+03
-1.623684203999999909e+03
-1.497451049999999896e+03
-1.263758301000000074e+03
-1.477732666000000108e+03
-1.652405639999999948e+03
-1.432073241999999937e+03
-1.462545043999999962e+03
-1.649269896999999901e+03
-1.574425658999999996e+03
-1.049246337999999923e+03
-1.260205811000000040e+03
-8.810332640000000310e+02
-1.595019164999999930e+03
-1.900622313999999960e+03
-1.707466186999999991e+03
-9.665962520000000495e+02
-1.209759277000000111e+03
-1.263298583999999892e+03
-9.279606929999999920e+02
-1.430605712999999923e+03
-1.864435181000000057e+03
-8.818849490000000060e+02
-1.344890625000000000e+03
-1.355973021999999901e+03
-1.695876708999999892e+03
-1.432254638999999997e+03
-1.707928955000000087e+03
-1.209209472999999889e+03
-1.180764404000000013e+03
-8.784726560000000291e+02
-1.507585937999999942e+03
-1.167419922000000042e+03
-1.684374634000000015e+03
-8.147670289999999795e+02
-1.383016967999999906e+03
-1.489382446000000073e+03
-7.241652830000000449e+02
-1.279444091999999955e+03
-1.356987182999999959e+03
-1.753133178999999927e+03
-2.051400634999999966e+03
-1.404413330000000087e+03
-1.960059447999999975e+03
-1.227011230000000069e+03
-8.865592649999999821e+02
-1.339376586999999972e+03
-1.704539185000000089e+03
-1.688572020999999950e+03
-7.946940309999999954e+02
-7.413685299999999643e+02
-1.039000731999999971e+03
-1.917495728000000099e+03
-1.411582763999999997e+03
-1.959495971999999938e+03
-1.705159057999999959e+03
-1.037631104000000050e+03
-1.492223754999999983e+03
-1.634390990999999985e+03
-1.533199096999999938e+03
-1.251271484000000100e+03
-1.062494873000000098e+03
-1.514680785999999898e+03
-1.707315063000000009e+03
-1.246833008000000063e+03
-1.581743042000000059e+03
-1.433946288999999979e+03
-1.358053222999999889e+03
-1.681773071000000073e+03
-1.889601196000000073e+03
-1.503232788000000028e+03
-1.426304687999999942e+03
-1.610835814999999911e+03
-1.432776000999999951e+03
-1.643149169999999913e+03
-1.744699585000000070e+03
-1.280355956999999989e+03
-1.450633544999999913e+03
-1.748473267000000078e+03
-1.380037231000000020e+03
-1.421189697000000024e+03
-9.174019170000000258e+02
-1.310005004999999983e+03
-1.253153808999999910e+03
-1.199282226999999921e+03
-2.018024047999999993e+03
-1.874496216000000004e+03
-1.721938842999999906e+03
-1.818459839000000102e+03
-1.715339111000000003e+03
-1.723070435000000089e+03
-1.508115111999999954e+03
-1.052368163999999979e+03
-1.493329833999999892e+03
-1.063643311000000040e+03
-1.216692870999999968e+03
-1.676589478000000099e+03
-1.244821777000000111e+03
-1.071027100000000019e+03
-1.398957153000000062e+03
-1.364139771000000110e+03
-1.445470092999999906e+03
-1.484445067999999992e+03
-9.005424189999999953e+02
-1.453201538000000028e+03
-1.467316528000000062e+03
-1.312726196000000073e+03
-1.276699219000000085e+03
-1.442769653000000062e+03
-7.022391360000000304e+02
-1.398953490999999985e+03
-1.185142577999999958e+03
-1.310501465000000053e+03
-1.497827271000000110e+03
-1.587659302000000025e+03
-1.324962035999999898e+03
-8.284400630000000092e+02
-8.241073000000000093e+02
-2.005423461999999972e+03
-1.308655884000000015e+03
-1.169583984000000100e+03
-1.132287354000000050e+03
-1.142000244000000066e+03
-1.674891478999999890e+03
-1.422776978000000099e+03
-8.160547490000000153e+02
-1.311198120000000017e+03
-1.537543091000000004e+03
-1.715838500999999951e+03
-1.536397095000000036e+03
-1.964603393999999980e+03
-1.203681640999999900e+03
-9.776330570000000080e+02
-1.247547851999999921e+03
-1.277995361000000003e+03
-1.130917236000000003e+03
-1.094795409999999947e+03
-1.167341063999999960e+03
-8.873822629999999663e+02
-4.742228999999999814e+02
-1.259385741999999937e+03
-1.389608154000000013e+03
-1.759787475999999970e+03
-1.109163330000000087e+03
-7.897482300000000350e+02
-7.423234860000000026e+02
-1.631297606999999971e+03
-1.001885071000000039e+03
-3.955220949999999789e+02
-1.326184081999999989e+03
-1.586039307000000008e+03
-1.608668091000000004e+03
-1.212093018000000029e+03
-1.440805297999999993e+03
-1.219833251999999902e+03
-1.518952759000000015e+03
-1.598622436999999991e+03
-1.617104248000000098e+03
-1.633891724000000067e+03
-1.593183471999999938e+03
-1.033483154000000013e+03
-1.970351928999999927e+03
-9.583526000000000522e+02
-1.072439941000000090e+03
-7.446235349999999471e+02
-1.012077209000000039e+03
-1.444639038000000028e+03
-1.185252197000000024e+03
-1.507147582999999941e+03
